Namespace(dump_schedule=True, gamma=30, init_schedule_file='sinit.csv', iter=1000, process_time_file='process_times.txt', tabu_size=5, workflow_file='input.json')
  k  tabu                                                  g_best  candidates                                                                 g_y          tabu?
---  --------------------------------------------------  --------  -------------------------------------------------------------------------  -----------  -------
  0  []                                                   1407.78  [33 32 23 31 30 22 20 29 21 19 28 18 27 17 26 14 16 10 25 13 15  9 24 12   1407.78      x
                                                                    11  8  5  7  4  2  6  3  1 34]
 16  [(20, 23), (29, 21), (21, 31), (21, 32), (21, 30)]   1407.78  [[33 20 23 22 21 30 32 31 19 29 28 18 27 17 26 14 16 10 25 13 15  9 24 12  [[1407.78]]  [['x']]
                                                                     11  8  5  7  4  2  6  3  1 34]]
 23  [(19, 32), (19, 30), (19, 21), (19, 22), (19, 23)]   1407.78  [[33 20 19 23 22 21 30 32 31 29 18 28 27 17 26 14 16 10 25 13 15  9 24 12  [[1402.71]]  [['x']]
                                                                     11  8  5  7  4  2  6  3  1 34]]
 24  [(19, 30), (19, 21), (19, 22), (19, 23), (18, 28)]   1402.71  [[33 20 19 23 22 21 30 32 31 18 29 28 27 17 26 14 16 10 25 13 15  9 24 12  [[1395.34]]  [['x']]
                                                                     11  8  5  7  4  2  6  3  1 34]]
 34  [(17, 28), (17, 29), (17, 31), (17, 32), (17, 30)]   1395.34  [[33 20 19 23 22 21 18 17 30 32 31 29 28 27 14 26 16 10 25 13 15  9 24 12  [[1384.23]]  [['x']]
                                                                     11  8  5  7  4  2  6  3  1 34]]
 35  [(17, 29), (17, 31), (17, 32), (17, 30), (26, 14)]   1384.23  [[33 20 19 23 22 21 18 17 30 32 31 29 28 14 27 26 16 10 25 13 15  9 24 12  [[1382.58]]  [['x']]
                                                                     11  8  5  7  4  2  6  3  1 34]]
 36  [(17, 31), (17, 32), (17, 30), (26, 14), (27, 14)]   1382.58  [[33 20 19 23 22 21 18 17 30 32 31 29 14 28 27 26 16 10 25 13 15  9 24 12  [[1377.51]]  [['x']]
                                                                     11  8  5  7  4  2  6  3  1 34]]
 37  [(17, 32), (17, 30), (26, 14), (27, 14), (28, 14)]   1377.51  [[33 20 19 23 22 21 18 17 30 32 31 14 29 28 27 26 16 10 25 13 15  9 24 12  [[1362.76]]  [['x']]
                                                                     11  8  5  7  4  2  6  3  1 34]]
 38  [(17, 30), (26, 14), (27, 14), (28, 14), (29, 14)]   1362.76  [[33 20 19 23 22 21 18 17 30 32 14 31 29 28 27 26 16 10 25 13 15  9 24 12  [[1351.66]]  [['x']]
                                                                     11  8  5  7  4  2  6  3  1 34]]
 39  [(26, 14), (27, 14), (28, 14), (29, 14), (14, 31)]   1351.66  [[33 20 19 23 22 21 18 17 30 14 32 31 29 28 27 26 16 10 25 13 15  9 24 12  [[1346.59]]  [['x']]
                                                                     11  8  5  7  4  2  6  3  1 34]]
 40  [(27, 14), (28, 14), (29, 14), (14, 31), (14, 32)]   1346.59  [[33 20 19 23 22 21 18 17 14 30 32 31 29 28 27 26 16 10 25 13 15  9 24 12  [[1346.32]]  [['x']]
                                                                     11  8  5  7  4  2  6  3  1 34]]
 48  [(21, 14), (22, 14), (14, 23), (19, 14), (20, 14)]   1346.32  [[33 14 20 19 23 22 21 18 17 30 32 31 29 28 27 16 26 10 25 13 15  9 24 12  [[1335.22]]  [['x']]
                                                                     11  8  5  7  4  2  6  3  1 34]]
 49  [(22, 14), (14, 23), (19, 14), (20, 14), (26, 16)]   1335.22  [[33 14 20 19 23 22 21 18 17 30 32 31 29 28 16 27 26 10 25 13 15  9 24 12  [[1333.56]]  [['x']]
                                                                     11  8  5  7  4  2  6  3  1 34]]
 50  [(14, 23), (19, 14), (20, 14), (26, 16), (27, 16)]   1333.56  [[33 14 20 19 23 22 21 18 17 30 32 31 29 16 28 27 26 10 25 13 15  9 24 12  [[1328.5]]   [['x']]
                                                                     11  8  5  7  4  2  6  3  1 34]]
 51  [(19, 14), (20, 14), (26, 16), (27, 16), (28, 16)]   1328.5   [[33 14 20 19 23 22 21 18 17 30 32 31 16 29 28 27 26 10 25 13 15  9 24 12  [[1313.75]]  [['x']]
                                                                     11  8  5  7  4  2  6  3  1 34]]
 52  [(20, 14), (26, 16), (27, 16), (28, 16), (29, 16)]   1313.75  [[33 14 20 19 23 22 21 18 17 30 32 16 31 29 28 27 26 10 25 13 15  9 24 12  [[1302.65]]  [['x']]
                                                                     11  8  5  7  4  2  6  3  1 34]]
 53  [(26, 16), (27, 16), (28, 16), (29, 16), (31, 16)]   1302.65  [[33 14 20 19 23 22 21 18 17 30 16 32 31 29 28 27 26 10 25 13 15  9 24 12  [[1297.58]]  [['x']]
                                                                     11  8  5  7  4  2  6  3  1 34]]
 54  [(27, 16), (28, 16), (29, 16), (31, 16), (32, 16)]   1297.58  [[33 14 20 19 23 22 21 18 17 16 30 32 31 29 28 27 26 10 25 13 15  9 24 12  [[1295.93]]  [['x']]
                                                                     11  8  5  7  4  2  6  3  1 34]]
177  [(4, 32), (4, 30), (11, 4), (4, 15), (4, 16)]        1295.93  [[33 10  9  8 14 13 12 20 19 23 22 21 18  4 17 16 15 11 30 32 31 29 28 27  [[1284.54]]  [['x']]
                                                                     26 25 24  5  7  2  6  3  1 34]]
178  [(4, 30), (11, 4), (4, 15), (4, 16), (17, 4)]        1284.54  [[33 10  9  8 14 13 12 20 19 23 22 21  4 18 17 16 15 11 30 32 31 29 28 27  [[1271.45]]  [['x']]
                                                                     26 25 24  5  7  2  6  3  1 34]]
180  [(4, 15), (4, 16), (17, 4), (18, 4), (4, 21)]        1271.45  [[33 10  9  8 14 13 12 20 19 23  4 22 21 18 17 16 15 11 30 32 31 29 28 27  [[1266.38]]  [['x']]
                                                                     26 25 24  5  7  2  6  3  1 34]]
181  [(4, 16), (17, 4), (18, 4), (4, 21), (4, 22)]        1266.38  [[33 10  9  8 14 13 12 20 19  4 23 22 21 18 17 16 15 11 30 32 31 29 28 27  [[1257.41]]  [['x']]
                                                                     26 25 24  5  7  2  6  3  1 34]]
190  [(4, 13), (4, 14), (4, 8), (9, 4), (10, 4)]          1257.41  [[33  4 10  9  8 14 13 12 20 19 23 22 21 18 17 16 15 11 30 32 31 29 28 27  [[1249.96]]  [['x']]
                                                                     26 25 24  5  2  7  6  3  1 34]]
192  [(4, 8), (9, 4), (10, 4), (2, 7), (3, 6)]            1249.96  [[33  4 10  9  8 14 13 12 20 19 23 22 21 18 17 16 15 11 30 32 31 29 28 27  [[1233.07]]  [['x']]
                                                                     26 25 24  5  2  3  7  6  1 34]]
194  [(10, 4), (2, 7), (3, 6), (3, 7), (1, 6)]            1233.07  [[33  4 10  9  8 14 13 12 20 19 23 22 21 18 17 16 15 11 30 32 31 29 28 27  [[1223.]]    [['x']]
                                                                     26 25 24  5  2  3  1  7  6 34]]
197  [(3, 7), (1, 6), (1, 7), (1, 3), (30, 32)]           1223     [[33  4 10  9  8 14 13 12 20 19 23 22 21 18 17 16 15 11 30 32 31 29 28 27  [[1226.42]   [['o']
                                                                     26 25 24  5  2  1  3  7  6 34]                                            [1241.66]    ['o']
                                                                    [33  4 10  9  8 14 13 12 20 19 23 22 21 18 17 16 15 11 32 30 31 29 28 27   [1221.35]]   ['o']]
                                                                     26 25 24  5  2  1  7  3  6 34]
                                                                    [33  4 10  9  8 14 13 12 20 19 23 22 21 18 17 16 15 11 32 30 31 29 28 27
                                                                     26 25 24  5  2  3  1  7  6 34]]
198  [(1, 6), (1, 7), (1, 3), (30, 32), (1, 3)]           1221.35  [[33  4 10  9  8 14 13 12 20 19 23 22 21 18 17 16 15 11 30 32 31 29 28 27  [[1223.  ]   [['o']
                                                                     26 25 24  5  2  3  1  7  6 34]                                            [1224.76]    ['o']
                                                                    [33  4 10  9  8 14 13 12 20 19 23 22 21 18 17 16 15 11 32 30 31 29 28 27   [1234.83]    ['o']
                                                                     26 25 24  5  2  1  3  7  6 34]                                            [1211.89]]   ['x']]
                                                                    [33  4 10  9  8 14 13 12 20 19 23 22 21 18 17 16 15 11 32 30 31 29 28 27
                                                                     26 25 24  5  2  3  7  1  6 34]
                                                                    [33  4 10  9  8 14 13 12 20 19 23 22 21 18 17 16 15 11 32 30 31 29 28 27
                                                                     26 25 24  5  3  2  1  7  6 34]]
199  [(1, 7), (1, 3), (30, 32), (1, 3), (2, 3)]           1211.89  [[33  4 10  9  8 14 13 12 20 19 23 22 21 18 17 16 15 11 30 32 31 29 28 27  [[1213.55]   [['o']
                                                                     26 25 24  5  3  2  1  7  6 34]                                            [1207.82]]   ['x']]
                                                                    [33  4 10  9  8 14 13 12 20 19 23 22 21 18 17 16 15 11 32 30 31 29 28 27
                                                                     26 25 24  3  5  2  1  7  6 34]]
200  [(1, 3), (30, 32), (1, 3), (2, 3), (3, 5)]           1207.82  [[33  4 10  9  8 14 13 12 20 19 23 22 21 18 17 16 15 11 30 32 31 29 28 27  [[1209.48]   [['o']
                                                                     26 25 24  3  5  2  1  7  6 34]                                            [1203.75]]   ['x']]
                                                                    [33  4 10  9  8 14 13 12 20 19 23 22 21 18 17 16 15 11 32 30 31 29 28 27
                                                                     26 25  3 24  5  2  1  7  6 34]]
201  [(30, 32), (1, 3), (2, 3), (3, 5), (3, 24)]          1203.75  [[33  4 10  9  8 14 13 12 20 19 23 22 21 18 17 16 15 11 30 32 31 29 28 27  [[1205.4 ]   [['o']
                                                                     26 25  3 24  5  2  1  7  6 34]                                            [1181.14]]   ['x']]
                                                                    [33  4 10  9  8 14 13 12 20 19 23 22 21 18 17 16 15 11 32 30 31 29 28 27
                                                                     26  3 25 24  5  2  1  7  6 34]]
203  [(2, 3), (3, 5), (3, 24), (25, 3), (30, 32)]         1181.14  [[33  4 10  9  8 14 13 12 20 19 23 22 21 18 17 16 15 11 30 32 31 29 28 27  [[1171.68]]  [['x']]
                                                                      3 26 25 24  5  2  1  7  6 34]]
204  [(3, 5), (3, 24), (25, 3), (30, 32), (26, 3)]        1171.68  [[33  4 10  9  8 14 13 12 20 19 23 22 21 18 17 16 15 11 30 32 31 29 28  3  [[1170.03]]  [['x']]
                                                                     27 26 25 24  5  2  1  7  6 34]]
205  [(3, 24), (25, 3), (30, 32), (26, 3), (27, 3)]       1170.03  [[33  4 10  9  8 14 13 12 20 19 23 22 21 18 17 16 15 11 30 32 31 29  3 28  [[1166.61]]  [['x']]
                                                                     27 26 25 24  5  2  1  7  6 34]]
206  [(25, 3), (30, 32), (26, 3), (27, 3), (3, 28)]       1166.61  [[33  4 10  9  8 14 13 12 20 19 23 22 21 18 17 16 15 11 30 32 31  3 29 28  [[1151.87]]  [['x']]
                                                                     27 26 25 24  5  2  1  7  6 34]]
207  [(30, 32), (26, 3), (27, 3), (3, 28), (3, 29)]       1151.87  [[33  4 10  9  8 14 13 12 20 19 23 22 21 18 17 16 15 11 30 32  3 31 29 28  [[1140.77]]  [['x']]
                                                                     27 26 25 24  5  2  1  7  6 34]]
208  [(26, 3), (27, 3), (3, 28), (3, 29), (3, 31)]        1140.77  [[33  4 10  9  8 14 13 12 20 19 23 22 21 18 17 16 15 11 30  3 32 31 29 28  [[1137.35]]  [['x']]
                                                                     27 26 25 24  5  2  1  7  6 34]]
209  [(27, 3), (3, 28), (3, 29), (3, 31), (3, 32)]        1137.35  [[33  4 10  9  8 14 13 12 20 19 23 22 21 18 17 16 15 11  3 30 32 31 29 28  [[1135.7]]   [['x']]
                                                                     27 26 25 24  5  2  1  7  6 34]]
210  [(3, 28), (3, 29), (3, 31), (3, 32), (3, 30)]        1135.7   [[33  4 10  9  8 14 13 12 20 19 23 22 21 18 17 16 15  3 11 30 32 31 29 28  [[1129.97]]  [['x']]
                                                                     27 26 25 24  5  2  1  7  6 34]]
211  [(3, 29), (3, 31), (3, 32), (3, 30), (11, 3)]        1129.97  [[33  4 10  9  8 14 13 12 20 19 23 22 21 18 17 16  3 15 11 30 32 31 29 28  [[1124.25]]  [['x']]
                                                                     27 26 25 24  5  2  1  7  6 34]]
212  [(3, 31), (3, 32), (3, 30), (11, 3), (3, 15)]        1124.25  [[33  4 10  9  8 14 13 12 20 19 23 22 21 18 17  3 16 15 11 30 32 31 29 28  [[1111.16]]  [['x']]
                                                                     27 26 25 24  5  2  1  7  6 34]]
213  [(3, 32), (3, 30), (11, 3), (3, 15), (3, 16)]        1111.16  [[33  4 10  9  8 14 13 12 20 19 23 22 21 18  3 17 16 15 11 30 32 31 29 28  [[1096.41]]  [['x']]
                                                                     27 26 25 24  5  2  1  7  6 34]]
214  [(3, 30), (11, 3), (3, 15), (3, 16), (17, 3)]        1096.41  [[33  4 10  9  8 14 13 12 20 19 23 22 21  3 18 17 16 15 11 30 32 31 29 28  [[1083.32]]  [['x']]
                                                                     27 26 25 24  5  2  1  7  6 34]]
216  [(3, 15), (3, 16), (17, 3), (18, 3), (3, 21)]        1083.32  [[33  4 10  9  8 14 13 12 20 19 23  3 22 21 18 17 16 15 11 30 32 31 29 28  [[1078.26]]  [['x']]
                                                                     27 26 25 24  5  2  1  7  6 34]]
217  [(3, 16), (17, 3), (18, 3), (3, 21), (3, 22)]        1078.26  [[33  4 10  9  8 14 13 12 20 19  3 23 22 21 18 17 16 15 11 30 32 31 29 28  [[1059.71]]  [['x']]
                                                                     27 26 25 24  5  2  1  7  6 34]]
218  [(17, 3), (18, 3), (3, 21), (3, 22), (3, 23)]        1059.71  [[33  4 10  9  8 14 13 12 20  3 19 23 22 21 18 17 16 15 11 30 32 31 29 28  [[1058.05]]  [['x']]
                                                                     27 26 25 24  5  2  1  7  6 34]]
219  [(18, 3), (3, 21), (3, 22), (3, 23), (19, 3)]        1058.05  [[33  4 10  9  8 14 13 12  3 20 19 23 22 21 18 17 16 15 11 30 32 31 29 28  [[1052.99]]  [['x']]
                                                                     27 26 25 24  5  2  1  7  6 34]]
220  [(3, 21), (3, 22), (3, 23), (19, 3), (3, 20)]        1052.99  [[33  4 10  9  8 14 13  3 12 20 19 23 22 21 18 17 16 15 11 30 32 31 29 28  [[1051.33]]  [['x']]
                                                                     27 26 25 24  5  2  1  7  6 34]]
221  [(3, 22), (3, 23), (19, 3), (3, 20), (3, 12)]        1051.33  [[33  4 10  9  8 14  3 13 12 20 19 23 22 21 18 17 16 15 11 30 32 31 29 28  [[1046.26]]  [['x']]
                                                                     27 26 25 24  5  2  1  7  6 34]]
222  [(3, 23), (19, 3), (3, 20), (3, 12), (3, 13)]        1046.26  [[33  4 10  9  8  3 14 13 12 20 19 23 22 21 18 17 16 15 11 30 32 31 29 28  [[1041.2]]   [['x']]
                                                                     27 26 25 24  5  2  1  7  6 34]]
223  [(19, 3), (3, 20), (3, 12), (3, 13), (3, 14)]        1041.2   [[33  4 10  9  3  8 14 13 12 20 19 23 22 21 18 17 16 15 11 30 32 31 29 28  [[1035.47]]  [['x']]
                                                                     27 26 25 24  5  2  1  7  6 34]]
224  [(3, 20), (3, 12), (3, 13), (3, 14), (3, 8)]         1035.47  [[33  4 10  3  9  8 14 13 12 20 19 23 22 21 18 17 16 15 11 30 32 31 29 28  [[1024.63]]  [['x']]
                                                                     27 26 25 24  5  2  1  7  6 34]]
Schedule: [33  4 10  3  9  8 14 13 12 20 19 23 22 21 18 17 16 15 11 30 32 31 29 28
 27 26 25 24  5  2  1  7  6 34]
Complete time: 269.60909999999996
Total tardiness: 1024.6293999999996
